0 0 0 0
0 0 0 0
0 0 0 0
0 0 0 0
0 0 0 0
0 0 0 0
0 0 0 0
0 0 0 0
0 0 0 0
0 0 0 0
0 0 0 0
0 0 0 0
0 0 0 0
0 0 0 0
0 0 0 0
0 0 0 0
0 0 0 0
0 0 0 0
0 0 0 0
0 0 0 0
0 0 0 0
0 0 0 0
0 0 0 0
0 0 0 0
0 0 0 0
0 0 0 0
0 0 0 0
0 0 0 0
0 0 0 0
35 5 1048640 0
0 0 0 0
0 0 0 0
0 0 0 0
0 0 0 0
35 8 30000 0
0 0 0 0
35 2 99000 0
0 0 0 0
0 0 0 0
35 9 0 0
35 26 132 0
35 18 0 0
35 27 64 0
0 0 0 0
0 0 0 0
35 9 0 0
0 0 0 0
0 0 0 0
35 10 0 0
13 11 9 0
13 12 18 0
31 1 544 0
13 9 9 1
26 9 26 -24
0 0 0 0
13 18 18 1
26 18 27 -48
0 0 0 0
31 1 108 0
54 8 0 0
0 0 0 0
0 0 0 0
31 1 892 0
0 0 0 0
35 9 0 0
35 18 0 0
35 19 64 0
0 0 0 0
0 0 0 0
0 0 0 0
35 10 1 0
13 11 9 0
13 12 18 0
31 1 456 0
13 9 9 1
13 18 18 1
26 18 19 -28
0 0 0 0
31 1 828 0
0 0 0 0
54 -4 0 0
0 0 0 0
0 0 0 0
0 0 0 0
0 0 0 0
0 0 0 0
0 0 0 0
0 0 0 0
0 0 0 0
35 6 100707840 0
24 6 0 5
0 0 0 0
35 6 100705280 0
24 6 0 5
0 0 0 0
35 6 100717824 0
24 6 0 5
0 0 0 0
35 6 100683776 0
24 6 0 5
0 0 0 0
35 6 100706304 0
24 6 0 5
0 0 0 0
35 6 100679424 0
24 6 0 5
0 0 0 0
35 6 100717312 0
24 6 0 5
0 0 0 0
35 6 100663296 0
24 6 0 5
0 0 0 0
35 6 100679680 0
24 6 0 5
0 0 0 0
35 6 100707584 0
24 6 0 5
0 0 0 0
35 6 100698880 0
24 6 0 5
0 0 0 0
35 6 100719104 0
24 6 0 5
0 0 0 0
35 6 100667904 0
24 6 0 5
0 0 0 0
35 6 100696320 0
24 6 0 5
0 0 0 0
35 6 100716288 0
24 6 0 5
0 0 0 0
35 6 100718848 0
24 6 0 5
0 0 0 0
35 6 100672000 0
24 6 0 5
0 0 0 0
35 6 100719360 0
24 6 0 5
0 0 0 0
35 6 100676864 0
24 6 0 5
0 0 0 0
35 6 100705280 0
24 6 0 5
0 0 0 0
35 6 100705792 0
24 6 0 5
0 0 0 0
35 6 100719104 0
24 6 0 5
0 0 0 0
35 6 100667904 0
24 6 0 5
0 0 0 0
35 6 100704512 0
24 6 0 5
0 0 0 0
35 6 100714496 0
24 6 0 5
0 0 0 0
35 6 100663296 0
24 6 0 5
0 0 0 0
35 6 100667392 0
24 6 0 5
0 0 0 0
35 6 100708096 0
24 6 0 5
0 0 0 0
32 0 1 0
0 0 0 0
0 0 0 0
0 0 0 0
0 0 0 0
0 0 0 0
0 0 0 0
0 0 0 0
0 0 0 0
0 0 0 0
0 0 0 0
0 0 0 0
0 0 0 0
0 0 0 0
0 0 0 0
0 0 0 0
0 0 0 0
0 0 0 0
0 0 0 0
13 2 2 -48
24 8 0 2
24 9 4 2
24 18 8 2
24 19 12 2
24 20 16 2
24 21 20 2
24 22 24 2
24 23 28 2
24 24 32 2
24 25 36 2
24 26 40 2
24 27 44 2
0 0 0 0
35 20 132 0
11 21 12 20
1 21 21 11
35 20 4 0
11 21 21 20
1 19 8 21
0 0 0 0
24 10 0 19
0 0 0 0
23 8 0 2
23 9 4 2
23 18 8 2
23 19 12 2
23 20 16 2
23 21 20 2
23 22 24 2
23 23 28 2
23 24 32 2
23 25 36 2
23 26 40 2
23 27 44 2
13 2 2 48
32 0 1 0
0 0 0 0
0 0 0 0
0 0 0 0
0 0 0 0
0 0 0 0
0 0 0 0
13 2 2 -48
24 8 0 2
24 9 4 2
24 18 8 2
24 19 12 2
24 20 16 2
24 21 20 2
24 22 24 2
24 23 28 2
24 24 32 2
24 25 36 2
24 26 40 2
24 27 44 2
0 0 0 0
35 20 132 0
11 21 12 20
1 21 21 11
35 20 4 0
11 21 21 20
1 19 8 21
0 0 0 0
23 10 0 19
0 0 0 0
23 8 0 2
23 9 4 2
23 18 8 2
23 19 12 2
23 20 16 2
23 21 20 2
23 22 24 2
23 23 28 2
23 24 32 2
23 25 36 2
23 26 40 2
23 27 44 2
13 2 2 48
32 0 1 0
0 0 0 0
0 0 0 0
0 0 0 0
0 0 0 0
0 0 0 0
0 0 0 0
0 0 0 0
0 0 0 0
0 0 0 0
0 0 0 0
0 0 0 0
0 0 0 0
0 0 0 0
0 0 0 0
13 2 2 -48
24 8 0 2
24 9 4 2
24 18 8 2
24 19 12 2
24 20 16 2
24 21 20 2
24 22 24 2
24 23 28 2
24 24 32 2
24 25 36 2
24 26 40 2
24 27 44 2
0 0 0 0
0 0 0 0
35 7 0 0
35 28 8 0
0 0 0 0
0 0 0 0
28 7 28 184
0 0 0 0
35 6 393392 0
4 6 6 7
12 6 6 8
24 6 0 5
0 0 0 0
35 29 0 0
35 30 132 0
0 0 0 0
0 0 0 0
35 31 0 0
0 0 0 0
35 19 8 0
0 0 0 0
13 19 19 -1
13 11 29 0
0 0 0 0
0 0 0 0
35 12 8 0
11 12 12 7
1 12 12 19
0 0 0 0
0 0 0 0
13 2 2 -4
24 1 0 2
31 1 -404 0
23 1 0 2
13 2 2 4
0 0 0 0
12 31 31 1
4 31 31 10
26 19 0 -72
0 0 0 0
0 0 0 0
35 6 442368 0
4 6 6 31
12 6 6 8
24 6 0 5
0 0 0 0
13 29 29 1
27 29 30 -124
0 0 0 0
13 7 7 1
54 -180 0 0
0 0 0 0
0 0 0 0
23 8 0 2
23 9 4 2
23 18 8 2
23 19 12 2
23 20 16 2
23 21 20 2
23 22 24 2
23 23 28 2
23 24 32 2
23 25 36 2
23 26 40 2
23 27 44 2
13 2 2 48
32 0 1 0
